name: env
channels:
  - conda-forge
  - defaults
dependencies:
  - bzip2=1.0.8=h8ffe710_4
  - ca-certificates=2022.5.18.1=h5b45459_0
  - intel-openmp=2022.1.0=h57928b3_3787
  - joblib=1.1.0=pyhd8ed1ab_0
  - libblas=3.9.0=14_win64_mkl
  - libcblas=3.9.0=14_win64_mkl
  - libffi=3.4.2=h8ffe710_5
  - liblapack=3.9.0=14_win64_mkl
  - libzlib=1.2.11=h8ffe710_1014
  - m2w64-gcc-libgfortran=5.3.0=6
  - m2w64-gcc-libs=5.3.0=7
  - m2w64-gcc-libs-core=5.3.0=7
  - m2w64-gmp=6.1.0=2
  - m2w64-libwinpthread-git=5.0.0.4634.697f757=2
  - mkl=2022.0.0=h0e2418a_796
  - msys2-conda-epoch=20160418=1
  - numpy=1.22.4=py310hed7ac4c_0
  - openssl=3.0.3=h8ffe710_0
  - pip=22.1.1=pyhd8ed1ab_0
  - python=3.10.4=hcf16a7b_0_cpython
  - python_abi=3.10=2_cp310
  - scikit-learn=1.1.1=py310h4dafddf_0
  - scipy=1.8.1=py310h33db832_0
  - setuptools=62.3.2=py310h5588dad_0
  - sqlite=3.38.5=h8ffe710_0
  - tbb=2021.5.0=h2d74725_1
  - threadpoolctl=3.1.0=pyh8a188c0_0
  - tk=8.6.12=h8ffe710_0
  - tzdata=2022a=h191b570_0
  - ucrt=10.0.20348.0=h57928b3_0
  - vc=14.2=hb210afc_6
  - vs2015_runtime=14.29.30037=h902a5da_6
  - wheel=0.37.1=pyhd8ed1ab_0
  - xz=5.2.5=h62dcd97_1
  - pip:
    - cycler==0.11.0
    - fonttools==4.33.3
    - kiwisolver==1.4.2
    - kneed==0.7.0
    - matplotlib==3.5.2
    - packaging==21.3
    - pillow==9.1.1
    - pyparsing==3.0.9
    - python-dateutil==2.8.2
    - six==1.16.0
prefix: C:\Users\Earth\anaconda3\envs\env
